-0.018411 0.788864 -0.0108633 0.614196 0.00610645 -0.740874 -0.0184546 0.671363 -0.023556 -0.905906 -0.0622065 -0.418223 
-0.018385 0.788881 -0.0108279 0.614175 0.00604983 -0.740973 -0.0183341 0.671258 -0.023539 -0.905753 -0.0622109 -0.418554 
-0.0184484 0.788914 -0.0107982 0.614132 0.00609111 -0.740938 -0.0183245 0.671296 -0.0232219 -0.905933 -0.061969 -0.418217 
-0.0185681 0.788819 -0.0109232 0.614248 0.00610993 -0.740912 -0.0182366 0.671327 -0.0233201 -0.905931 -0.0619972 -0.418213 
-0.0185449 0.78883 -0.0111153 0.614231 0.0061767 -0.740883 -0.0183616 0.671355 -0.0232151 -0.905974 -0.0620466 -0.418119 
-0.0185825 0.788787 -0.0111171 0.614285 0.00617827 -0.740921 -0.0182905 0.671315 -0.0230646 -0.905885 -0.0619547 -0.418332 
-0.0187014 0.788723 -0.0111762 0.614363 0.00624653 -0.740903 -0.0183388 0.671333 -0.0231096 -0.905868 -0.0619023 -0.418374 
-0.0185579 0.788693 -0.011032 0.614409 0.00626677 -0.740925 -0.0183006 0.671309 -0.0226896 -0.905972 -0.0619057 -0.418172 
-0.0185376 0.788556 -0.0111589 0.614583 0.00627488 -0.740939 -0.0182984 0.671294 -0.0228529 -0.905955 -0.0618605 -0.418207 
-0.0184035 0.788484 -0.0110706 0.61468 0.00627488 -0.740939 -0.0182984 0.671294 -0.0229029 -0.905965 -0.0617945 -0.418192 
-0.0183879 0.788387 -0.0111082 0.614805 0.00630441 -0.740951 -0.0183274 0.671279 -0.0229029 -0.905965 -0.0617945 -0.418192 
-0.0185603 0.788298 -0.0111254 0.614913 0.00628518 -0.740782 -0.0184217 0.671463 -0.0229699 -0.906012 -0.0617184 -0.418098 
-0.0186204 0.788305 -0.0111638 0.614901 0.00632135 -0.740737 -0.0185499 0.671509 -0.0230512 -0.905995 -0.0616708 -0.418137 
-0.0186646 0.788289 -0.0111839 0.61492 0.00637123 -0.740789 -0.0186132 0.67145 -0.0230512 -0.905995 -0.0616708 -0.418137 
-0.0186951 0.788344 -0.0112455 0.614848 0.00643649 -0.740765 -0.0185763 0.671477 -0.0230169 -0.90593 -0.0618962 -0.418246 
-0.0188153 0.788442 -0.0114292 0.614715 0.00645553 -0.740756 -0.0186607 0.671484 -0.0228447 -0.90603 -0.0617817 -0.418055 
-0.018824 0.788467 -0.0112556 0.614687 0.00640845 -0.740774 -0.0186306 0.671465 -0.0230145 -0.90611 -0.0619167 -0.417854 
-0.0189504 0.788558 -0.0112972 0.614565 0.00644282 -0.740763 -0.0186132 0.671477 -0.0227326 -0.906154 -0.0618094 -0.41779 
-0.0190815 0.788612 -0.0114451 0.614488 0.00646772 -0.740758 -0.0186514 0.671482 -0.0225096 -0.906235 -0.0615936 -0.417657 
-0.019097 0.788569 -0.0114605 0.614542 0.00652003 -0.740723 -0.0186894 0.671519 -0.0223394 -0.906183 -0.0612543 -0.417829 
-0.0191498 0.788558 -0.0115164 0.614554 0.00659786 -0.74069 -0.0186296 0.671556 -0.0225821 -0.906162 -0.0614326 -0.417836 
-0.0192088 0.788619 -0.0115478 0.614474 0.00660455 -0.740665 -0.0187199 0.671581 -0.0224956 -0.906039 -0.0613428 -0.418119 
-0.0191604 0.788654 -0.011552 0.61443 0.00659808 -0.740681 -0.0186968 0.671564 -0.0223716 -0.906065 -0.0616235 -0.418029 
-0.0191307 0.788724 -0.0115678 0.614341 0.006603 -0.740718 -0.0186501 0.671525 -0.0222044 -0.906102 -0.0613849 -0.417992 
-0.0192024 0.788669 -0.0115726 0.614409 0.00650872 -0.740742 -0.0186008 0.671501 -0.0222216 -0.906069 -0.0612348 -0.418086 
-0.0191019 0.788721 -0.0115145 0.614347 0.00650872 -0.740742 -0.0186008 0.671501 -0.0222115 -0.906141 -0.061214 -0.417933 
-0.018938 0.788642 -0.0113141 0.614457 0.00632847 -0.740715 -0.0183821 0.671538 -0.0222565 -0.906131 -0.0615837 -0.417899 
-0.018938 0.788642 -0.0113141 0.614457 0.00635229 -0.740821 -0.0183373 0.671422 -0.0222565 -0.906131 -0.0615837 -0.417899 
-0.0187423 0.788758 -0.0109707 0.61432 0.00632393 -0.74083 -0.0182733 0.671414 -0.0223708 -0.906181 -0.0618297 -0.417748 
-0.0186026 0.78874 -0.0108887 0.614348 0.00632806 -0.740824 -0.0183107 0.67142 -0.0223275 -0.906211 -0.0618905 -0.417675 
-0.018813 0.78869 -0.0112593 0.614401 0.00635587 -0.740806 -0.0183421 0.671439 -0.0223207 -0.906306 -0.0616982 -0.417497 
-0.018888 0.788765 -0.0113127 0.614301 0.00642025 -0.740743 -0.0183562 0.671507 -0.02234 -0.90621 -0.0617015 -0.417704 
-0.0188239 0.788762 -0.0112587 0.614307 0.006259 -0.740751 -0.0183077 0.671501 -0.0220954 -0.906284 -0.0615625 -0.417578 
-0.0187272 0.78879 -0.0111392 0.614277 0.00624842 -0.740746 -0.0182846 0.671507 -0.0221222 -0.906281 -0.0615838 -0.417581 
-0.0188241 0.788776 -0.0112154 0.61429 0.00638758 -0.740715 -0.018298 0.67154 -0.0221086 -0.9063 -0.0617093 -0.417521 
-0.0188551 0.788751 -0.0113076 0.61432 0.00638688 -0.740703 -0.0183366 0.671552 -0.0221144 -0.906335 -0.0616792 -0.417449 
-0.0188291 0.788824 -0.0112152 0.614228 0.00638945 -0.740732 -0.0182796 0.671522 -0.0220496 -0.906377 -0.0616818 -0.41736 
-0.0187265 0.788789 -0.0110782 0.614279 0.00632487 -0.740748 -0.018286 0.671505 -0.0223285 -0.906169 -0.0616074 -0.417807 
-0.0189976 0.788771 -0.0112116 0.614292 0.00631554 -0.740707 -0.0182487 0.671551 -0.0224938 -0.906158 -0.0617676 -0.417801 
-0.0189295 0.788738 -0.0110246 0.614339 0.00631554 -0.740707 -0.0182487 0.671551 -0.0223657 -0.906141 -0.0616227 -0.417864 
-0.0190805 0.788808 -0.0111696 0.614242 0.00632545 -0.7407 -0.0182594 0.671558 -0.022336 -0.90619 -0.0617387 -0.417743 
-0.0191605 0.788869 -0.0111869 0.614161 0.00632545 -0.7407 -0.0182594 0.671558 -0.0223128 -0.906195 -0.0618309 -0.41772 
-0.0192053 0.788856 -0.0112227 0.614175 0.00636916 -0.740738 -0.0182936 0.671515 -0.0223799 -0.906148 -0.0619472 -0.417801 
-0.0190152 0.788868 -0.0111252 0.614168 0.00633066 -0.740812 -0.0182796 0.671434 -0.0222904 -0.906193 -0.0620155 -0.417697 
-0.0190092 0.788893 -0.0110958 0.614137 0.00639261 -0.740757 -0.0182636 0.671495 -0.022439 -0.906123 -0.0617628 -0.41788 
-0.0189511 0.788827 -0.0111739 0.614221 0.00642618 -0.740672 -0.0182669 0.671588 -0.0224806 -0.906155 -0.061745 -0.41781 
-0.0189016 0.788788 -0.0111269 0.614274 0.00642618 -0.740672 -0.0182669 0.671588 -0.0223092 -0.906176 -0.0616339 -0.417791 
-0.0187915 0.788773 -0.0111751 0.614295 0.00638646 -0.740706 -0.0182882 0.67155 -0.0222527 -0.906128 -0.0615905 -0.417904 
-0.0188389 0.788786 -0.0112325 0.614276 0.00647753 -0.740696 -0.0183323 0.671559 -0.0222269 -0.906139 -0.0618739 -0.41784 
-0.0189814 0.788833 -0.011247 0.614211 0.00647503 -0.740671 -0.0183228 0.671587 -0.0222874 -0.906093 -0.0615955 -0.417978 
-0.0191284 0.788841 -0.0113622 0.614195 0.00644813 -0.740695 -0.0182358 0.671563 -0.0221364 -0.906124 -0.0615442 -0.417926 
-0.0192108 0.788799 -0.011365 0.614246 0.00645616 -0.740702 -0.0182717 0.671554 -0.0221122 -0.906222 -0.061597 -0.417706 
-0.0191532 0.788777 -0.0113984 0.614275 0.00650032 -0.740789 -0.0182193 0.671459 -0.0223378 -0.9061 -0.0619486 -0.417906 
-0.0190717 0.788754 -0.011205 0.614311 0.00650032 -0.740789 -0.0182193 0.671459 -0.0223986 -0.90609 -0.0619882 -0.417919 
-0.0190543 0.788784 -0.0112585 0.614272 0.00641319 -0.740719 -0.0182286 0.671537 -0.022449 -0.906167 -0.0617928 -0.417779 
-0.0190543 0.788598 -0.0112521 0.614511 0.00637454 -0.740736 -0.0182925 0.671517 -0.0223167 -0.906038 -0.0616405 -0.418088 
-0.0190127 0.788712 -0.0112117 0.614366 0.0063525 -0.740697 -0.0183317 0.67156 -0.0222039 -0.906055 -0.0615287 -0.418074 
-0.0189958 0.788771 -0.0111695 0.614292 0.00629612 -0.740721 -0.0182903 0.671534 -0.0223694 -0.905998 -0.0617281 -0.418158 
-0.0189426 0.788631 -0.0110644 0.614475 0.00629573 -0.740648 -0.0183176 0.671614 -0.0224843 -0.906012 -0.0617787 -0.418115 
-0.0187985 0.788672 -0.0110253 0.614427 0.00625388 -0.740611 -0.0182471 0.671657 -0.0221278 -0.906099 -0.0616134 -0.417969 
-0.0187626 0.788659 -0.0109866 0.614446 0.00626821 -0.740539 -0.0182244 0.671737 -0.0221278 -0.906099 -0.0616134 -0.417969 
-0.0185612 0.788641 -0.0108143 0.614479 0.00619043 -0.740443 -0.018144 0.671846 -0.0223665 -0.905991 -0.061495 -0.418208 
-0.0185986 0.788395 -0.0108838 0.614792 0.00613781 -0.740444 -0.0180583 0.671847 -0.0221097 -0.905934 -0.0615958 -0.418331 
-0.0184457 0.788353 -0.0107511 0.614853 0.00610509 -0.740524 -0.0179845 0.671762 -0.0219553 -0.90595 -0.0614385 -0.418328 
-0.0184146 0.788336 -0.0107022 0.614876 0.00600756 -0.740509 -0.0179279 0.671781 -0.0220536 -0.905986 -0.0616247 -0.418218 
-0.0183809 0.788295 -0.0108343 0.614927 0.00606941 -0.740571 -0.0179035 0.671712 -0.0219082 -0.906049 -0.0614286 -0.418117 
-0.0185086 0.788376 -0.01083 0.61482 0.00612292 -0.740503 -0.017964 0.671785 -0.0219479 -0.906053 -0.061375 -0.418113 
-0.0185086 0.788376 -0.01083 0.61482 0.00613028 -0.740548 -0.0180085 0.671734 -0.0219311 -0.906085 -0.0616066 -0.418012 
-0.0184353 0.788489 -0.0106814 0.61468 0.00615176 -0.740566 -0.0180701 0.671713 -0.0219311 -0.906085 -0.0616066 -0.418012 
-0.0183543 0.788505 -0.0105872 0.614663 0.00606112 -0.740554 -0.0180386 0.671728 -0.0221008 -0.905819 -0.061514 -0.418591 
-0.0183982 0.788575 -0.0105538 0.614573 0.0060561 -0.740516 -0.0180616 0.671769 -0.0218707 -0.905946 -0.0616261 -0.418312 
-0.0185074 0.788463 -0.0106453 0.614712 0.00604375 -0.740477 -0.0180466 0.671813 -0.0220589 -0.905905 -0.0613539 -0.418431 
-0.0184337 0.788574 -0.0106453 0.614571 0.00599071 -0.740496 -0.0179685 0.671793 -0.0217695 -0.905915 -0.0615423 -0.418398 
-0.0184766 0.788527 -0.0105736 0.614631 0.00607658 -0.740422 -0.0180223 0.671873 -0.0214588 -0.905931 -0.0611798 -0.418431 
-0.018499 0.78853 -0.0106815 0.614626 0.00617327 -0.740468 -0.0179664 0.671823 -0.0216004 -0.905968 -0.0611851 -0.418345 
-0.0185731 0.788574 -0.0106886 0.614566 0.00611857 -0.740502 -0.0178947 0.671788 -0.0217483 -0.905883 -0.061413 -0.418486 
-0.0186009 0.788563 -0.0107015 0.614579 0.00618721 -0.740524 -0.0179569 0.671761 -0.0216587 -0.906038 -0.0615201 -0.418141 
-0.0186001 0.788524 -0.0107913 0.614628 0.00620359 -0.740523 -0.0179738 0.671762 -0.021732 -0.905993 -0.0615735 -0.418226 
-0.0185722 0.788495 -0.0107317 0.614666 0.00620359 -0.740523 -0.0179738 0.671762 -0.0217882 -0.906009 -0.0614026 -0.418213 
-0.0184887 0.788442 -0.0104113 0.614744 0.00613986 -0.740555 -0.0179111 0.671729 -0.0216658 -0.906029 -0.0614809 -0.418166 
-0.018403 0.788419 -0.0104596 0.614774 0.00614373 -0.74053 -0.0179067 0.671757 -0.0217575 -0.906062 -0.0615029 -0.418086 
-0.0185593 0.788366 -0.0106648 0.614833 0.00622068 -0.740457 -0.0179075 0.671836 -0.021607 -0.906247 -0.0616316 -0.417674 
-0.0185537 0.788405 -0.0104707 0.614788 0.00622926 -0.740498 -0.0178933 0.671792 -0.0215312 -0.906189 -0.0614883 -0.417824 
-0.0185624 0.788371 -0.0106377 0.614828 0.00627039 -0.740457 -0.0179084 0.671835 -0.0216354 -0.906062 -0.0615029 -0.418093 
-0.0185432 0.788249 -0.0105928 0.614986 0.00625056 -0.740463 -0.0179002 0.671829 -0.0216997 -0.906117 -0.0614793 -0.417972 
-0.0184833 0.788289 -0.0106867 0.614935 0.00621548 -0.740505 -0.0179148 0.671783 -0.0216428 -0.906115 -0.0614758 -0.417981 
-0.0185268 0.788314 -0.0107399 0.6149 0.00621279 -0.740492 -0.017988 0.671795 -0.0217377 -0.906133 -0.0615089 -0.417933 
-0.0185015 0.788282 -0.0108125 0.61494 0.00620431 -0.74038 -0.017944 0.671921 -0.0217436 -0.906083 -0.0614574 -0.418048 
-0.0186076 0.788369 -0.0108555 0.614825 0.00619276 -0.740456 -0.0178844 0.671838 -0.021707 -0.906153 -0.0614845 -0.417893 
-0.0186797 0.78849 -0.0107844 0.614669 0.00620131 -0.7405 -0.0178395 0.671791 -0.0218575 -0.906081 -0.0614759 -0.418044 
-0.0187464 0.788493 -0.010831 0.614662 0.00616039 -0.74041 -0.0179043 0.671889 -0.0212466 -0.906277 -0.0610253 -0.417716 
-0.0186227 0.788456 -0.0107976 0.614715 0.00613486 -0.740382 -0.0179908 0.671918 -0.0211188 -0.906147 -0.0608699 -0.418027 
-0.0187126 0.788364 -0.0108281 0.614829 0.00621538 -0.740398 -0.0179813 0.6719 -0.0211013 -0.90616 -0.0610465 -0.417973 
-0.0188316 0.788378 -0.0108513 0.614808 0.00632057 -0.740442 -0.0180339 0.671849 -0.0213207 -0.906107 -0.0615778 -0.417999 
-0.018743 0.788416 -0.0108749 0.614761 0.00632044 -0.740426 -0.017982 0.671867 -0.0212535 -0.906128 -0.0613965 -0.417985 
-0.0187035 0.788489 -0.0109634 0.614667 0.00628945 -0.740454 -0.0179747 0.671838 -0.0212535 -0.906128 -0.0613965 -0.417985 
-0.0186642 0.788404 -0.0109057 0.614778 0.0062477 -0.740367 -0.0179428 0.671935 -0.0211994 -0.906042 -0.0611703 -0.418206 
-0.0187697 0.78848 -0.0109205 0.614677 0.00628636 -0.740407 -0.0179387 0.67189 -0.0211994 -0.906042 -0.0611703 -0.418206 
-0.0186797 0.78848 -0.0108752 0.614681 0.00631071 -0.74034 -0.0180027 0.671961 -0.0210878 -0.906147 -0.061341 -0.417959 
-0.0186652 0.788484 -0.0108711 0.614676 0.00634685 -0.7403 -0.0181036 0.672003 -0.0209138 -0.906158 -0.0611336 -0.417974 
-0.0187556 0.788484 -0.0109208 0.614672 0.00632344 -0.740312 -0.0180846 0.671991 -0.0212724 -0.906093 -0.0613096 -0.418072 
-0.0185923 0.78838 -0.0109295 0.61481 0.00643002 -0.740424 -0.0180964 0.671866 -0.0213518 -0.905998 -0.0613555 -0.418266 
-0.0185983 0.788422 -0.0109813 0.614755 0.00639337 -0.740417 -0.0181124 0.671873 -0.0212633 -0.905926 -0.0613032 -0.418435 
-0.0185338 0.788425 -0.0108647 0.614756 0.00638668 -0.740476 -0.018058 0.67181 -0.021189 -0.905987 -0.0613895 -0.418293 
-0.0184165 0.788443 -0.0108458 0.614736 0.00632168 -0.740478 -0.0179784 0.67181 -0.0210204 -0.906011 -0.0611344 -0.418288 
-0.0184204 0.788498 -0.0107574 0.614668 0.00627608 -0.740473 -0.0179411 0.671818 -0.0208965 -0.906041 -0.0613386 -0.4182 
-0.0184717 0.788572 -0.0108132 0.61457 0.00626315 -0.740456 -0.0178935 0.671837 -0.0208973 -0.906045 -0.0612528 -0.418203 
-0.0185379 0.788605 -0.0107838 0.614525 0.00618648 -0.740532 -0.0178585 0.671755 -0.0208869 -0.906015 -0.0611412 -0.418285 
-0.0186495 0.788664 -0.0108011 0.614447 0.0062232 -0.740541 -0.0178723 0.671745 -0.0210197 -0.905948 -0.0610663 -0.418433 
-0.018686 0.788635 -0.0108671 0.614482 0.0062232 -0.740541 -0.0178723 0.671745 -0.0209359 -0.906047 -0.0610853 -0.418221 
-0.0186576 0.788673 -0.0107914 0.614435 0.00625631 -0.740494 -0.0179053 0.671795 -0.0210096 -0.905974 -0.0609155 -0.418401 
-0.0186605 0.788677 -0.0107589 0.61443 0.00633758 -0.740367 -0.0178413 0.671936 -0.0206537 -0.90591 -0.0608015 -0.418574 
-0.0186598 0.788585 -0.01079 0.614548 0.00632126 -0.740323 -0.0179429 0.671982 -0.0209403 -0.90593 -0.0607812 -0.418518 
-0.0187269 0.788589 -0.0110061 0.614537 0.00634282 -0.740275 -0.0180218 0.672032 -0.020905 -0.905878 -0.0607229 -0.418642 
-0.0188888 0.788453 -0.0111619 0.614704 0.00637594 -0.740297 -0.0180247 0.672009 -0.0207728 -0.905919 -0.0607262 -0.418559 
-0.0188903 0.788333 -0.0110879 0.614859 0.00638509 -0.740274 -0.0180189 0.672034 -0.0205869 -0.905921 -0.0606459 -0.418575 
-0.0187479 0.788387 -0.0111125 0.614794 0.00631764 -0.740304 -0.0179599 0.672003 -0.0204388 -0.905949 -0.0605932 -0.418529 
-0.018679 0.788412 -0.0109982 0.614765 0.00633148 -0.740267 -0.0179528 0.672043 -0.0206166 -0.905947 -0.0606807 -0.418512 
-0.018628 0.788457 -0.010881 0.614711 0.00633148 -0.740267 -0.0179528 0.672043 -0.0206543 -0.90601 -0.0609695 -0.418331 
-0.0187554 0.788442 -0.0110579 0.614723 0.00638197 -0.740394 -0.0179291 0.671904 -0.0206941 -0.905987 -0.0607533 -0.418412 
-0.0187295 0.788435 -0.0110486 0.614734 0.00647586 -0.740412 -0.017961 0.671882 -0.0207431 -0.905922 -0.0609291 -0.418524 
-0.0186515 0.788503 -0.0110052 0.614649 0.00643927 -0.740503 -0.0177872 0.671787 -0.0208268 -0.906083 -0.0609762 -0.418166 
-0.0185273 0.788568 -0.0108878 0.614572 0.00640494 -0.74059 -0.0176477 0.671694 -0.0206972 -0.906099 -0.0610605 -0.418124 
-0.0185003 0.788572 -0.0108737 0.614568 0.00656579 -0.740551 -0.017845 0.671732 -0.0205868 -0.906115 -0.0611654 -0.418081 
-0.0185261 0.788634 -0.0108744 0.614488 0.0065989 -0.740468 -0.0180266 0.671818 -0.0205878 -0.906063 -0.0610754 -0.418206 
-0.0185919 0.788631 -0.0109266 0.614489 0.00661745 -0.740494 -0.0180672 0.671787 -0.0206634 -0.906139 -0.061111 -0.418032 
-0.0185487 0.788769 -0.010909 0.614312 0.00660248 -0.740475 -0.0180872 0.671808 -0.020673 -0.906201 -0.061201 -0.417884 
-0.0186262 0.788795 -0.0108773 0.614278 0.00656373 -0.74043 -0.0181217 0.671857 -0.0207858 -0.906247 -0.0612313 -0.417775 
-0.0185479 0.788769 -0.0108756 0.614314 0.00656373 -0.74043 -0.0181217 0.671857 -0.0207698 -0.906254 -0.0608931 -0.417809 
-0.0185033 0.788789 -0.0108567 0.61429 0.00664759 -0.740411 -0.0180854 0.671879 -0.0207003 -0.906315 -0.0609172 -0.417678 
-0.0184961 0.788748 -0.0108832 0.614343 0.00658995 -0.740395 -0.0180886 0.671897 -0.0207003 -0.906315 -0.0609172 -0.417678 
-0.0185308 0.788817 -0.0108863 0.614253 0.00664156 -0.740442 -0.0181535 0.671843 -0.0206651 -0.906336 -0.0607664 -0.417655 
-0.0185368 0.788848 -0.0109201 0.614211 0.00663001 -0.740511 -0.0180811 0.671768 -0.0207525 -0.906228 -0.0608621 -0.41787 
-0.0186616 0.788917 -0.0109282 0.61412 0.00666687 -0.740491 -0.0181329 0.671789 -0.0205921 -0.906212 -0.0608164 -0.417919 
-0.018564 0.788987 -0.0108776 0.614033 0.00666687 -0.740491 -0.0181329 0.671789 -0.0204957 -0.90622 -0.0606691 -0.417928 
-0.0185589 0.788977 -0.0108535 0.614046 0.00658607 -0.740538 -0.018041 0.67174 -0.0205391 -0.906256 -0.0605992 -0.417858 
-0.0185984 0.788911 -0.0109427 0.614129 0.00661109 -0.740554 -0.018047 0.671722 -0.020465 -0.906211 -0.060795 -0.417931 
-0.0186435 0.788941 -0.0108971 0.614089 0.00660737 -0.740577 -0.0180609 0.671697 -0.0203938 -0.906202 -0.0607156 -0.417966 
-0.0187895 0.788947 -0.0110182 0.614075 0.00655873 -0.740561 -0.0179901 0.671716 -0.0202382 -0.906241 -0.0608103 -0.417875 
-0.0189568 0.788945 -0.0111217 0.614071 0.00662135 -0.740663 -0.0179442 0.671605 -0.0203598 -0.906281 -0.0609382 -0.417764 
-0.0188862 0.789012 -0.0110531 0.613988 0.00662135 -0.740663 -0.0179442 0.671605 -0.020287 -0.906251 -0.0609309 -0.417833 
-0.0189369 0.788936 -0.0110015 0.614085 0.00659272 -0.740757 -0.0179133 0.671502 -0.0204533 -0.906094 -0.0612331 -0.418122 
-0.0189253 0.788897 -0.0110869 0.614134 0.00667007 -0.740785 -0.017963 0.671468 -0.0203598 -0.90626 -0.0609966 -0.417801 
-0.0189346 0.789052 -0.0111574 0.613933 0.00667171 -0.740828 -0.0179417 0.671422 -0.0203644 -0.906151 -0.0609073 -0.418051 
-0.0190324 0.789079 -0.0112398 0.613894 0.00668446 -0.7408 -0.0180061 0.671451 -0.0201635 -0.906172 -0.0607273 -0.41804 
-0.0190387 0.78913 -0.0112577 0.613828 0.00670298 -0.7408 -0.0181102 0.671448 -0.0201868 -0.906288 -0.0608441 -0.417771 
-0.018994 0.789126 -0.0112962 0.613834 0.00666093 -0.74073 -0.018177 0.671524 -0.0202072 -0.906318 -0.0609023 -0.417697 
-0.0190113 0.789049 -0.0113838 0.61393 0.00666093 -0.74073 -0.018177 0.671524 -0.0203698 -0.906242 -0.0609214 -0.417852 
-0.0190088 0.789092 -0.0114008 0.613876 0.00675219 -0.740711 -0.0182559 0.671541 -0.0203698 -0.906242 -0.0609214 -0.417852 
-0.0190789 0.789092 -0.0113944 0.613872 0.00674154 -0.740712 -0.0182867 0.67154 -0.0205066 -0.906238 -0.0604683 -0.417919 
-0.0191056 0.789178 -0.0114311 0.613761 0.00676398 -0.740807 -0.01825 0.671435 -0.0204459 -0.906281 -0.0607421 -0.417788 
-0.0191016 0.789183 -0.0114688 0.613754 0.00676398 -0.740807 -0.01825 0.671435 -0.0204109 -0.90618 -0.0606031 -0.41803 
-0.0189888 0.789191 -0.0114096 0.613749 0.0068146 -0.740841 -0.0183606 0.671395 -0.020434 -0.906242 -0.0608065 -0.417863 
-0.0190157 0.789178 -0.0113939 0.613764 0.00675517 -0.740846 -0.0183219 0.671391 -0.0203948 -0.906249 -0.0608911 -0.417838 
-0.0190321 0.789149 -0.0113794 0.613801 0.00679847 -0.740908 -0.0184235 0.671319 -0.0203948 -0.906249 -0.0608911 -0.417838 
-0.01877 0.789165 -0.0113417 0.61379 0.00672322 -0.740953 -0.0183518 0.671272 -0.020463 -0.906129 -0.0609199 -0.418092 
-0.0187431 0.789169 -0.0113054 0.613786 0.00674775 -0.740916 -0.0183644 0.671312 -0.0204437 -0.906075 -0.060833 -0.418221 
-0.018908 0.789292 -0.0114386 0.61362 0.00673229 -0.740864 -0.018312 0.671372 -0.020328 -0.906216 -0.0609133 -0.41791 
-0.0188128 0.789183 -0.0113657 0.613765 0.00669383 -0.740828 -0.0182268 0.671414 -0.0204089 -0.906177 -0.0610558 -0.41797 
-0.0188472 0.789215 -0.0114027 0.613722 0.00669083 -0.740804 -0.0182433 0.67144 -0.0204089 -0.906177 -0.0610558 -0.41797 
-0.0187962 0.789296 -0.0114469 0.613618 0.00671422 -0.740849 -0.0182347 0.67139 -0.0204197 -0.90611 -0.0610107 -0.418121 
-0.0187975 0.789284 -0.0114023 0.613635 0.00669309 -0.74082 -0.0182061 0.671423 -0.0204354 -0.906075 -0.0607427 -0.418236 
-0.0188342 0.789261 -0.0113945 0.613663 0.00665826 -0.740853 -0.0181705 0.671389 -0.0204987 -0.906153 -0.0607316 -0.418065 
-0.018865 0.789275 -0.0114281 0.613643 0.00665826 -0.740853 -0.0181705 0.671389 -0.0204731 -0.906158 -0.0607096 -0.418059 
-0.0188191 0.789161 -0.0113713 0.613793 0.00662225 -0.740816 -0.0181799 0.671429 -0.0202601 -0.906144 -0.0605389 -0.418124 
-0.0188191 0.789161 -0.0113713 0.613793 0.00666461 -0.740814 -0.0181901 0.671431 -0.02028 -0.906132 -0.0603773 -0.418172 
-0.0187833 0.789166 -0.0114171 0.613787 0.0067809 -0.74082 -0.0182462 0.671421 -0.0202823 -0.906165 -0.0604457 -0.418091 
-0.0188144 0.789114 -0.0114223 0.613852 0.00683432 -0.740787 -0.0181533 0.67146 -0.020335 -0.906131 -0.0604092 -0.418167 
-0.0187676 0.789122 -0.0113696 0.613845 0.00680676 -0.740751 -0.0181961 0.671499 -0.0202788 -0.906266 -0.0602368 -0.417903 
-0.0189164 0.789162 -0.011496 0.613786 0.00682015 -0.740773 -0.0181565 0.671475 -0.0202491 -0.906195 -0.060243 -0.418057 
-0.0191148 0.789113 -0.0115961 0.613841 0.00683171 -0.740828 -0.0181165 0.671416 -0.0199716 -0.906239 -0.0603728 -0.417955 
-0.0192631 0.789048 -0.0116593 0.613918 0.00680027 -0.740765 -0.0181243 0.671485 -0.0200391 -0.906153 -0.0605049 -0.418121 
-0.0190907 0.789027 -0.0116099 0.613953 0.00678021 -0.740742 -0.0180955 0.671511 -0.020029 -0.906249 -0.0607085 -0.417883 
-0.0190786 0.789034 -0.0115969 0.613944 0.00676051 -0.740728 -0.0179766 0.67153 -0.0201962 -0.906105 -0.0606056 -0.418202 
-0.0192031 0.789079 -0.0116671 0.613881 0.00679201 -0.740773 -0.0180074 0.67148 -0.0200797 -0.906138 -0.0606537 -0.418128 
-0.0192385 0.789071 -0.011676 0.61389 0.00691302 -0.740751 -0.0181198 0.6715 -0.019834 -0.906266 -0.0604193 -0.417897 
-0.0191771 0.789038 -0.0116385 0.613934 0.00696835 -0.740673 -0.0180847 0.671587 -0.0198853 -0.90624 -0.0606162 -0.417922 
-0.0191571 0.789076 -0.0116624 0.613886 0.00693104 -0.740662 -0.0180959 0.671598 -0.020209 -0.906229 -0.0605055 -0.417947 
-0.0190923 0.789021 -0.0117272 0.613958 0.00700888 -0.74069 -0.0181224 0.671566 -0.0201804 -0.906372 -0.0605722 -0.417629 
-0.0191645 0.788934 -0.0117398 0.614067 0.00700888 -0.74069 -0.0181224 0.671566 -0.0201559 -0.906464 -0.0605645 -0.417431 
-0.0191799 0.789023 -0.0117908 0.613951 0.0069265 -0.740668 -0.0181167 0.671592 -0.020162 -0.906447 -0.0604371 -0.417486 
-0.0191727 0.789065 -0.0117251 0.613899 0.00683514 -0.74063 -0.0181542 0.671633 -0.0202583 -0.906482 -0.0605609 -0.417388 
-0.0190678 0.789006 -0.0115523 0.61398 0.00683514 -0.74063 -0.0181542 0.671633 -0.0202947 -0.906413 -0.0604038 -0.417559 
-0.0189247 0.789128 -0.0116337 0.613827 0.00692401 -0.740631 -0.0182854 0.671627 -0.0202846 -0.906379 -0.0604192 -0.41763 
-0.0191308 0.789168 -0.0116608 0.613768 0.00686159 -0.740677 -0.0182282 0.671579 -0.0202154 -0.906303 -0.0604606 -0.417794 
-0.0190751 0.78916 -0.011706 0.613779 0.00682992 -0.740604 -0.0183079 0.671657 -0.0199216 -0.906409 -0.0604219 -0.417583 
-0.0190266 0.789127 -0.0117259 0.613823 0.00682992 -0.740604 -0.0183079 0.671657 -0.0199499 -0.906287 -0.0603262 -0.41786 
-0.0189508 0.789086 -0.0115761 0.613882 0.00680943 -0.740622 -0.0184114 0.671635 -0.020026 -0.906251 -0.0603063 -0.417936 
-0.0195731 0.788715 -0.0120597 0.614329 0.00725488 -0.740436 -0.0187304 0.671826 -0.019965 -0.906232 -0.0598192 -0.418051 
-0.019396 0.788661 -0.012015 0.614405 0.00722193 -0.740415 -0.0186968 0.671851 -0.0199314 -0.906344 -0.0598823 -0.417801 
-0.0193744 0.788659 -0.0118793 0.61441 0.00722193 -0.740415 -0.0186968 0.671851 -0.0199314 -0.906344 -0.0598823 -0.417801 
-0.0193466 0.788669 -0.0118563 0.614399 0.0071653 -0.740409 -0.0187447 0.671857 -0.019796 -0.906475 -0.0600483 -0.417498 
-0.0192194 0.788592 -0.0117512 0.614505 0.00711322 -0.740428 -0.0187871 0.671836 -0.019796 -0.906475 -0.0600483 -0.417498 
-0.0190366 0.788599 -0.0115671 0.614505 0.00712933 -0.740413 -0.0188183 0.671851 -0.0202009 -0.906361 -0.0599069 -0.417748 
-0.0188843 0.788611 -0.0115085 0.614494 0.00709435 -0.740416 -0.0187763 0.671849 -0.0203171 -0.906338 -0.0600051 -0.417777 
-0.0188453 0.788621 -0.0114134 0.614485 0.00708641 -0.740346 -0.0187201 0.671928 -0.0205869 -0.906206 -0.0602752 -0.418011 
-0.0188418 0.78855 -0.0113129 0.614578 0.00701917 -0.740344 -0.0187596 0.67193 -0.0205666 -0.90617 -0.0603006 -0.418088 
-0.0189047 0.78849 -0.0113855 0.614651 0.00693618 -0.740437 -0.0186504 0.671832 -0.020499 -0.906161 -0.060395 -0.418097 
-0.0188355 0.788498 -0.0113731 0.614643 0.00693618 -0.740437 -0.0186504 0.671832 -0.0206063 -0.906286 -0.060122 -0.41786 
-0.0187329 0.788417 -0.0114019 0.61475 0.00699837 -0.740393 -0.0186288 0.67188 -0.0207212 -0.906176 -0.060062 -0.4181 
-0.0187626 0.788514 -0.0114735 0.614623 0.00700626 -0.740366 -0.0186265 0.671909 -0.0205617 -0.906397 -0.0601988 -0.417609 
-0.0186877 0.788404 -0.0113923 0.614769 0.00696134 -0.740376 -0.0185788 0.671901 -0.0204818 -0.906325 -0.0601942 -0.41777 
-0.0186067 0.788354 -0.0112935 0.614836 0.00696148 -0.740403 -0.0184748 0.671873 -0.0202067 -0.906297 -0.0601439 -0.417851 
-0.0185291 0.788358 -0.0112346 0.614836 0.00696148 -0.740403 -0.0184748 0.671873 -0.0203371 -0.906155 -0.0601316 -0.418155 
-0.0185043 0.788334 -0.011137 0.614869 0.00690637 -0.740442 -0.0183937 0.671833 -0.0204987 -0.906153 -0.0602652 -0.418131 
-0.0184899 0.788294 -0.011067 0.614921 0.00687278 -0.740449 -0.0183256 0.671828 -0.0205592 -0.906096 -0.0601182 -0.418275 
-0.0185717 0.788286 -0.0110248 0.61493 0.006878 -0.74044 -0.0183432 0.671837 -0.0205741 -0.906117 -0.0600931 -0.418231 
-0.0183449 0.788427 -0.0109159 0.614757 0.00679873 -0.740455 -0.018358 0.671821 -0.0203422 -0.90605 -0.0601512 -0.41838 
-0.0183554 0.788422 -0.0109394 0.614763 0.0067531 -0.740423 -0.0183248 0.671857 -0.0203496 -0.906017 -0.0602529 -0.418436 
-0.0183019 0.788359 -0.0109351 0.614846 0.00675662 -0.740461 -0.0184551 0.671812 -0.0206517 -0.906007 -0.0605714 -0.418396 
-0.0181753 0.788392 -0.0109011 0.614808 0.00670601 -0.74047 -0.0185855 0.671798 -0.0209844 -0.906083 -0.0604781 -0.41823 
-0.017912 0.7884 -0.0107545 0.614808 0.00670315 -0.740481 -0.0184817 0.67179 -0.0209844 -0.906083 -0.0604781 -0.41823 
-0.0176582 0.788353 -0.010619 0.614878 0.0067231 -0.74045 -0.0184957 0.671823 -0.0215036 -0.90607 -0.060944 -0.418164 
-0.0176837 0.788327 -0.0106522 0.614911 0.00673169 -0.740406 -0.0183565 0.671876 -0.0214743 -0.906039 -0.0610089 -0.418222 
-0.0178211 0.788371 -0.0105621 0.614851 0.00673486 -0.740443 -0.0184734 0.671832 -0.0219351 -0.906133 -0.0609128 -0.418009 
-0.0176154 0.788269 -0.0104623 0.61499 0.00673569 -0.740464 -0.0185249 0.671807 -0.0221023 -0.906065 -0.0610179 -0.418132 
-0.0175459 0.788342 -0.0102781 0.614901 0.00673444 -0.740446 -0.0183733 0.671831 -0.0219203 -0.906151 -0.0608095 -0.417985 
-0.0171921 0.78849 -0.0102027 0.614722 0.00655779 -0.740537 -0.0182556 0.671736 -0.021965 -0.906176 -0.0610513 -0.417894 
-0.0171921 0.78849 -0.0102027 0.614722 0.0065581 -0.740588 -0.018208 0.67168 -0.021965 -0.906176 -0.0610513 -0.417894 
-0.0173577 0.788538 -0.0103145 0.614655 0.0065581 -0.740588 -0.018208 0.67168 -0.0219678 -0.906191 -0.0611386 -0.417848 
-0.0173491 0.788464 -0.0102954 0.61475 0.00657602 -0.740564 -0.0181512 0.671709 -0.0219971 -0.906137 -0.0609272 -0.417996 
-0.0173273 0.788457 -0.0102527 0.614761 0.0065138 -0.740531 -0.0180933 0.671747 -0.0220164 -0.906108 -0.0612109 -0.418015 
-0.01739 0.788324 -0.0101824 0.61493 0.00653555 -0.740535 -0.0181086 0.671742 -0.0216953 -0.906123 -0.0611508 -0.418008 
-0.0175949 0.788364 -0.0103459 0.61487 0.00653002 -0.740497 -0.0181285 0.671784 -0.0216195 -0.906084 -0.0609936 -0.41812 
-0.0178946 0.788373 -0.0105446 0.614847 0.00654249 -0.740464 -0.0181368 0.671819 -0.021288 -0.906004 -0.0608072 -0.418338 
-0.0178213 0.788428 -0.0104989 0.614779 0.00652638 -0.740507 -0.0181027 0.671773 -0.0213812 -0.905944 -0.0608898 -0.418451 
-0.0176185 0.788341 -0.0104196 0.614898 0.00656649 -0.740516 -0.0180657 0.671763 -0.0215569 -0.905879 -0.0610254 -0.418563 
-0.0175575 0.788363 -0.010288 0.614873 0.00660359 -0.740554 -0.0180111 0.671723 -0.0218038 -0.905915 -0.061252 -0.418439 
-0.0174531 0.788378 -0.0103281 0.614857 0.0065578 -0.740522 -0.0181337 0.671755 -0.0218209 -0.905936 -0.0613633 -0.418377 
-0.0169893 0.788396 -0.00986106 0.614854 0.00647632 -0.740671 -0.0184585 0.671583 -0.0208345 -0.906231 -0.0606045 -0.417898 
-0.0176613 0.788383 -0.0103537 0.614844 0.00672652 -0.740668 -0.0187941 0.671575 -0.0212665 -0.906359 -0.0607742 -0.417572 
-0.0176678 0.788374 -0.0103512 0.614855 0.00672652 -0.740668 -0.0187941 0.671575 -0.0232031 -0.906119 -0.061362 -0.417906 
-0.0166387 0.78829 -0.00966771 0.615003 0.00652315 -0.740474 -0.0187338 0.671793 -0.0227677 -0.905979 -0.061005 -0.418284 
-0.0159068 0.788316 -0.00906473 0.614999 0.00649675 -0.74049 -0.0185756 0.671779 -0.0222484 -0.905994 -0.0608207 -0.418307 
-0.0146399 0.788042 -0.00830566 0.615391 0.00643692 -0.74051 -0.0184106 0.671763 -0.0227133 -0.905908 -0.0612341 -0.418408 
-0.0156659 0.787931 -0.00906082 0.615498 0.00638744 -0.740468 -0.0183692 0.671811 -0.0227133 -0.905908 -0.0612341 -0.418408 
-0.0175717 0.787714 -0.0105236 0.6157 0.00654544 -0.740051 -0.0190046 0.672251 -0.0249547 -0.905814 -0.061846 -0.418394 
-0.0174396 0.787679 -0.010363 0.615752 0.00654544 -0.740051 -0.0190046 0.672251 -0.0227465 -0.905966 -0.0604153 -0.418399 
-0.0174852 0.787803 -0.0104161 0.615592 0.00667915 -0.740146 -0.0185642 0.672157 -0.0207875 -0.905839 -0.0597303 -0.418874 
-0.0163877 0.787728 -0.00956162 0.615731 0.00668064 -0.74013 -0.0183586 0.67218 -0.0207941 -0.905989 -0.0596463 -0.418562 
-0.014811 0.787748 -0.00844448 0.615762 0.00649106 -0.74023 -0.0184086 0.67207 -0.0204389 -0.906032 -0.0592195 -0.418547 
-0.0159899 0.787722 -0.00931148 0.615753 0.00625338 -0.740257 -0.0184024 0.672043 -0.0204883 -0.905998 -0.0592221 -0.418617 
-0.0156007 0.787819 -0.00894106 0.615644 0.00635294 -0.740274 -0.0185731 0.672019 -0.0205143 -0.906013 -0.0590672 -0.418606 
-0.015609 0.787767 -0.00904513 0.615709 0.00637176 -0.740273 -0.018677 0.672017 -0.0209581 -0.905944 -0.0589527 -0.41875 
-0.0156972 0.78778 -0.00914971 0.615688 0.00626264 -0.740222 -0.0189293 0.672067 -0.0209581 -0.905944 -0.0589527 -0.41875 
-0.0154474 0.787844 -0.00890554 0.615616 0.00629919 -0.740177 -0.0190934 0.672111 -0.0213599 -0.905788 -0.0589906 -0.41906 
-0.0146485 0.787547 -0.00836797 0.616024 0.00637076 -0.740152 -0.0193594 0.672131 -0.0216873 -0.905762 -0.0590502 -0.419092 
-0.011345 0.786945 -0.00632924 0.616887 0.00630082 -0.740081 -0.0194492 0.672207 -0.0221785 -0.90578 -0.0590815 -0.419023 
-0.00506796 0.786298 -0.00144478 0.617826 0.00546953 -0.740179 -0.0194384 0.672107 -0.0242191 -0.905916 -0.0607267 -0.41838 
0.00578713 0.785639 0.00615201 0.618628 0.00546953 -0.740179 -0.0194384 0.672107 -0.0271353 -0.905827 -0.0621276 -0.418187 
0.0384927 0.786881 0.0289512 0.615223 0.00466553 -0.740206 -0.0189522 0.672097 -0.0303341 -0.905744 -0.0626367 -0.418073 
0.0384927 0.786881 0.0289512 0.615223 0.00490557 -0.740044 -0.0200781 0.67224 -0.031596 -0.90545 -0.0637688 -0.418444 
0.0733599 0.788436 0.0543265 0.608306 0.0054969 -0.739037 -0.0220417 0.673282 -0.0370342 -0.905152 -0.0662823 -0.418253 
0.064943 0.790435 0.0513058 0.606929 0.00706943 -0.737431 -0.0229059 0.674997 -0.0488093 -0.904063 -0.0719817 -0.418458 
0.0652582 0.790232 0.0528573 0.607027 0.00831827 -0.734133 -0.0233009 0.678555 -0.055174 -0.902093 -0.0751878 -0.421344 
0.0670668 0.79014 0.0541338 0.606836 0.00739413 -0.731068 -0.0252846 0.681796 -0.0537832 -0.901991 -0.072724 -0.422174 
0.0658445 0.790041 0.0527333 0.607222 0.00474319 -0.733788 -0.0280155 0.678785 -0.0520808 -0.902341 -0.0725137 -0.421675 
0.0670393 0.789895 0.053123 0.607248 0.00468035 -0.733816 -0.0275421 0.678774 -0.0526903 -0.902561 -0.0725546 -0.421121 
0.0682608 0.789807 0.0539242 0.607156 0.00464139 -0.733795 -0.0275272 0.678797 -0.052894 -0.902573 -0.0727121 -0.421043 
0.0691337 0.78964 0.0542703 0.607243 0.00461587 -0.733825 -0.0275063 0.678766 -0.0530261 -0.902574 -0.0727882 -0.421011 
0.0700816 0.789619 0.0549327 0.607102 0.00464063 -0.733968 -0.0275648 0.678608 -0.0529898 -0.902674 -0.0727643 -0.420806 
0.0707583 0.789476 0.0553324 0.607173 0.00464063 -0.733968 -0.0275648 0.678608 -0.0530958 -0.902705 -0.0727583 -0.420727 
0.0714186 0.789413 0.0557197 0.607142 0.00462316 -0.733977 -0.0276231 0.678597 -0.0531758 -0.902833 -0.0729318 -0.420411 
0.0717391 0.789344 0.0558562 0.607182 0.0045483 -0.7339 -0.0277388 0.678676 -0.0533343 -0.902729 -0.0727657 -0.420644 
0.071596 0.789238 0.055371 0.607381 0.00440556 -0.733909 -0.0277142 0.678668 -0.0535073 -0.902715 -0.0728526 -0.420637 
0.0709919 0.789236 0.0549813 0.60749 0.00440888 -0.733973 -0.027738 0.678598 -0.0535073 -0.902715 -0.0728526 -0.420637 
0.0709021 0.789259 0.0548522 0.607482 0.00438021 -0.733904 -0.0277419 0.678673 -0.0537913 -0.902707 -0.0729438 -0.420602 
0.0712556 0.789162 0.0549171 0.607561 0.00434675 -0.733942 -0.0277432 0.678632 -0.0538556 -0.902758 -0.0728282 -0.420505 
0.0719145 0.789165 0.0554063 0.607435 0.00433017 -0.733912 -0.0277639 0.678663 -0.0540309 -0.902857 -0.0730222 -0.420234 
0.0732358 0.789122 0.0564754 0.607234 0.00431707 -0.733945 -0.0277015 0.67863 -0.0539598 -0.902758 -0.0728143 -0.420493 
0.0783762 0.788576 0.0603435 0.60693 0.00425376 -0.733986 -0.0276657 0.678588 -0.0538132 -0.902761 -0.0728826 -0.420493 
0.079777 0.788439 0.0614118 0.606818 0.00422758 -0.733937 -0.0276797 0.67864 -0.0537856 -0.902743 -0.0729208 -0.42053 
0.0799956 0.788494 0.0615939 0.606699 0.00425972 -0.733966 -0.0276808 0.678609 -0.0538083 -0.902798 -0.0729607 -0.420401 
0.0800535 0.788521 0.0616978 0.606646 0.00425972 -0.733966 -0.0276808 0.678609 -0.0538334 -0.902847 -0.0731485 -0.420259 
0.0801483 0.788434 0.0616971 0.606747 0.00416806 -0.734041 -0.0275302 0.678534 -0.0538334 -0.902847 -0.0731485 -0.420259 
0.0795796 0.788316 0.061196 0.607025 0.00413412 -0.734011 -0.0275259 0.678567 -0.0539028 -0.902841 -0.0732208 -0.420251 
0.0798138 0.788365 0.0614582 0.606904 0.00418454 -0.734086 -0.0275334 0.678485 -0.053925 -0.902927 -0.0733698 -0.420038 
0.0791845 0.788425 0.0609745 0.606958 0.00423985 -0.734065 -0.027587 0.678506 -0.0540198 -0.902933 -0.0733418 -0.420018 
0.0797872 0.788204 0.0614105 0.607123 0.00429717 -0.734081 -0.0275702 0.678489 -0.0541547 -0.903008 -0.0734126 -0.419827 
0.0799554 0.788183 0.0616151 0.607107 0.00432878 -0.734122 -0.0275023 0.678446 -0.054075 -0.903039 -0.0731496 -0.419817 
0.079408 0.7882 0.0612271 0.607195 0.00422556 -0.734096 -0.0274241 0.678479 -0.0541019 -0.903071 -0.0730923 -0.419754 
0.0793936 0.788203 0.0612806 0.607188 0.00422252 -0.73411 -0.0273463 0.678467 -0.0544699 -0.902894 -0.073135 -0.420079 
0.0796978 0.788255 0.061635 0.607045 0.00418594 -0.734048 -0.0273969 0.678532 -0.0544699 -0.902894 -0.073135 -0.420079 
0.0798558 0.788214 0.0617966 0.60706 0.00417388 -0.734192 -0.0273642 0.678378 -0.0544091 -0.902891 -0.0731474 -0.420091 
0.0796449 0.788203 0.0616864 0.607114 0.00415169 -0.734156 -0.0274326 0.678414 -0.0542828 -0.902914 -0.0731829 -0.420052 
0.0797975 0.78807 0.0617832 0.607257 0.00416625 -0.734183 -0.0273487 0.678387 -0.0542286 -0.902953 -0.0732701 -0.41996 
0.0797975 0.78807 0.0617832 0.607257 0.00413199 -0.734139 -0.0273401 0.678437 -0.0544647 -0.902869 -0.0732108 -0.420121 
0.0800432 0.788097 0.0619394 0.607174 0.0041202 -0.734093 -0.0272877 0.678488 -0.0544647 -0.902869 -0.0732108 -0.420121 
0.0803866 0.787928 0.0621914 0.607322 0.00409845 -0.734161 -0.0272919 0.678415 -0.0543833 -0.902982 -0.0730348 -0.419919 
0.0807001 0.787821 0.0625572 0.607381 0.00410072 -0.734097 -0.02718 0.678489 -0.0542935 -0.902907 -0.0730786 -0.420084 
0.0807378 0.787897 0.0626264 0.60727 0.00412463 -0.734063 -0.0271561 0.678526 -0.0542755 -0.902951 -0.0732642 -0.419959 
0.08033 0.787993 0.062408 0.607223 0.00404586 -0.734043 -0.0271278 0.678549 -0.0544132 -0.902881 -0.0735309 -0.420046 
0.0794686 0.788141 0.0615595 0.607231 0.0040291 -0.73403 -0.0271052 0.678564 -0.0545478 -0.902889 -0.0735393 -0.420009 
0.0797995 0.788161 0.0617863 0.607138 0.00403845 -0.734102 -0.0270946 0.678486 -0.0545149 -0.902882 -0.0734016 -0.420054 
0.0797503 0.788147 0.0617071 0.60717 0.00404123 -0.734002 -0.0271572 0.678593 -0.0545888 -0.902956 -0.07362 -0.419846 
0.0799941 0.788022 0.0617542 0.607297 0.0040337 -0.733996 -0.0272317 0.678596 -0.0545712 -0.902981 -0.0733319 -0.419845 
0.0811518 0.7879 0.0626621 0.607208 0.00406643 -0.733957 -0.027175 0.67864 -0.0548097 -0.902841 -0.0735188 -0.420082 
0.0818222 0.787813 0.0632205 0.607173 0.00410929 -0.733967 -0.0272339 0.678627 -0.0548192 -0.902855 -0.0735789 -0.420041 
0.0834011 0.787636 0.064351 0.607068 0.00409817 -0.733911 -0.0271947 0.678689 -0.0549837 -0.902931 -0.0734644 -0.419875 
0.0839899 0.78751 0.0648191 0.607102 0.00398702 -0.733897 -0.0271547 0.678706 -0.0548187 -0.903025 -0.0735651 -0.419678 
0.0832626 0.787567 0.0643043 0.607183 0.00400028 -0.733883 -0.0271756 0.678721 -0.0548387 -0.903078 -0.0735501 -0.419562 
0.0830062 0.787618 0.0641925 0.607163 0.00400028 -0.733883 -0.0271756 0.678721 -0.0547804 -0.903011 -0.0737473 -0.419681 
0.0831427 0.78755 0.0641556 0.607236 0.00403727 -0.733874 -0.0272232 0.678728 -0.0546842 -0.902847 -0.0735092 -0.420088 
0.0835629 0.787493 0.0644201 0.607225 0.00403421 -0.733937 -0.0271817 0.678662 -0.0545653 -0.902771 -0.0735338 -0.420261 
0.0845826 0.787486 0.0652806 0.607 0.00392459 -0.733938 -0.0271959 0.678661 -0.0544214 -0.902803 -0.0734204 -0.420231 
0.0841229 0.787614 0.0649924 0.606929 0.00388187 -0.733917 -0.0271429 0.678686 -0.0544525 -0.902747 -0.0733494 -0.42036 
0.0844613 0.787593 0.0651914 0.606888 0.00371064 -0.733887 -0.0270525 0.678723 -0.0548858 -0.902727 -0.0735849 -0.420305 
0.0841758 0.787571 0.0649807 0.606979 0.00376111 -0.73389 -0.0270372 0.67872 -0.0549825 -0.902645 -0.0735572 -0.420473 
0.084504 0.787478 0.0652198 0.607029 0.00378213 -0.733859 -0.027052 0.678753 -0.05486 -0.902655 -0.0736505 -0.420453 
0.0849394 0.787341 0.0655891 0.607106 0.00371615 -0.733951 -0.0270209 0.678655 -0.0546955 -0.902722 -0.0736422 -0.420331 
0.0849273 0.787303 0.0656071 0.607155 0.00377794 -0.733947 -0.027004 0.67866 -0.0546955 -0.902722 -0.0736422 -0.420331 
0.0849088 0.78721 0.0656845 0.60727 0.0037073 -0.733811 -0.027053 0.678805 -0.0549835 -0.90274 -0.0736958 -0.420245 
0.084751 0.787299 0.0655092 0.607196 0.00369773 -0.733838 -0.0270721 0.678775 -0.0549312 -0.902702 -0.0737616 -0.420322 
0.0847224 0.787311 0.0655551 0.607179 0.00377315 -0.73389 -0.0271435 0.678716 -0.0548361 -0.902767 -0.0738402 -0.420181 
0.084835 0.787402 0.0655351 0.607048 0.00379639 -0.733984 -0.0271887 0.678612 -0.0546152 -0.902903 -0.073734 -0.419936 
0.0849656 0.787452 0.0657837 0.606937 0.00383778 -0.733994 -0.0272043 0.678601 -0.0548878 -0.902777 -0.0735478 -0.420204 
0.0856219 0.787256 0.0662607 0.607048 0.00378017 -0.734004 -0.0271668 0.678591 -0.0548469 -0.902766 -0.0737585 -0.420196 
0.0859038 0.787237 0.066327 0.607026 0.00377965 -0.733967 -0.0272245 0.678628 -0.0548985 -0.902719 -0.0739277 -0.420262 
0.086299 0.787308 0.0666862 0.606837 0.00377108 -0.734019 -0.0271974 0.678573 -0.0549477 -0.902687 -0.0739467 -0.42032 
0.0855471 0.787298 0.0659821 0.607034 0.00372219 -0.734029 -0.0271601 0.678565 -0.0550134 -0.902682 -0.0738463 -0.420341 
0.0850441 0.787336 0.0653189 0.607127 0.00377552 -0.734009 -0.0271625 0.678586 -0.0549208 -0.902695 -0.0736648 -0.420356 
0.0850441 0.787336 0.0653189 0.607127 0.00378256 -0.733933 -0.0271408 0.678669 -0.0547939 -0.902714 -0.0737285 -0.420321 
0.0858841 0.787145 0.0660535 0.607177 0.003777 -0.733981 -0.027161 0.678616 -0.0548383 -0.902703 -0.0734555 -0.420386 
0.086942 0.787048 0.0670043 0.607048 0.00378903 -0.733975 -0.0271816 0.678622 -0.0547505 -0.90275 -0.0736049 -0.42027 
0.0869091 0.787086 0.0669545 0.607008 0.00374451 -0.733997 -0.0271804 0.678599 -0.0548878 -0.902651 -0.0736778 -0.420452 
0.0878499 0.786939 0.0676914 0.606982 0.00380648 -0.733978 -0.0273166 0.678613 -0.0549719 -0.902582 -0.0738507 -0.420559 
0.0887075 0.786857 0.0683691 0.606887 0.0038233 -0.733919 -0.0273841 0.678674 -0.0547479 -0.902658 -0.0739052 -0.420416 
0.0893551 0.786763 0.0688698 0.606858 0.00385067 -0.733968 -0.0272983 0.678625 -0.0548702 -0.902669 -0.0739014 -0.420376 
0.0885655 0.786852 0.0682945 0.606923 0.00386064 -0.733914 -0.0272847 0.678683 -0.0549664 -0.902738 -0.0740419 -0.420191 
0.0882136 0.786796 0.0680468 0.607075 0.00388826 -0.733912 -0.0272616 0.678686 -0.0550929 -0.902669 -0.0739972 -0.42033 
0.0879808 0.786738 0.0679962 0.60719 0.00395013 -0.733897 -0.0272187 0.678704 -0.0549399 -0.902794 -0.0739465 -0.42009 
0.0877558 0.786656 0.06781 0.60735 0.00390326 -0.733887 -0.0271851 0.678717 -0.0549684 -0.902991 -0.073919 -0.419669 
0.087995 0.786578 0.0678787 0.607408 0.00390326 -0.733887 -0.0271851 0.678717 -0.0553615 -0.902801 -0.073845 -0.420037 
0.0885246 0.786484 0.0682842 0.607407 0.00388327 -0.733904 -0.0271415 0.678699 -0.055139 -0.902847 -0.0738701 -0.419964 
0.0885254 0.786517 0.068254 0.607368 0.00390745 -0.733916 -0.0271081 0.678688 -0.0552524 -0.902732 -0.0738318 -0.420203 
0.0886821 0.786539 0.0684207 0.607297 0.00394106 -0.733864 -0.0271805 0.678741 -0.0551148 -0.902721 -0.0737188 -0.420264 
0.0882583 0.786523 0.0680016 0.607428 0.00394106 -0.733864 -0.0271805 0.678741 -0.05508 -0.902713 -0.0737213 -0.420286 
0.0879532 0.786613 0.0677783 0.60738 0.00394836 -0.733838 -0.0270909 0.678772 -0.0550385 -0.902745 -0.0737025 -0.420227 
0.087444 0.786599 0.0674552 0.607507 0.00387015 -0.733905 -0.027001 0.678704 -0.0549581 -0.902674 -0.0736007 -0.420406 
0.0869471 0.786619 0.067109 0.607592 0.0038618 -0.733903 -0.0269781 0.678707 -0.0546903 -0.902654 -0.073757 -0.420457 
0.0867189 0.786657 0.0668937 0.607599 0.00388601 -0.73391 -0.0270791 0.678696 -0.0546834 -0.902744 -0.0737965 -0.420258 
0.0867665 0.786674 0.0670914 0.607548 0.00387721 -0.733852 -0.0271758 0.678755 -0.0549308 -0.902706 -0.0738823 -0.420293 
0.0869419 0.786759 0.0671479 0.607406 0.00387721 -0.733852 -0.0271758 0.678755 -0.0548521 -0.902732 -0.0739417 -0.420237 
0.0868119 0.786791 0.0671102 0.607388 0.003858 -0.733942 -0.0271691 0.678658 -0.0549243 -0.902768 -0.074149 -0.420114 
0.0867084 0.786836 0.0670441 0.607352 0.00385158 -0.733994 -0.0271656 0.678601 -0.0549476 -0.902687 -0.0739797 -0.420314 
0.0872707 0.786715 0.0674905 0.607378 0.00389704 -0.733939 -0.0272018 0.678659 -0.055125 -0.902723 -0.0738518 -0.420236 
0.0872032 0.786699 0.0674984 0.607407 0.00389744 -0.7339 -0.0271999 0.678701 -0.0551534 -0.902765 -0.0736937 -0.420169 
0.0875767 0.786726 0.0677596 0.607291 0.00386027 -0.733866 -0.0272073 0.678739 -0.0550638 -0.902783 -0.0736689 -0.420148 
0.0879899 0.786695 0.0681356 0.607228 0.00387771 -0.733833 -0.0272581 0.678772 -0.0549737 -0.902869 -0.0735397 -0.419997 
0.0877518 0.786629 0.0679444 0.607369 0.00387771 -0.733833 -0.0272581 0.678772 -0.055066 -0.902871 -0.0736363 -0.419964 
0.0881361 0.786609 0.0682349 0.607308 0.0038659 -0.733859 -0.0272619 0.678744 -0.0550254 -0.902869 -0.0736527 -0.419969 
0.0879675 0.786713 0.0682874 0.607192 0.00390513 -0.733932 -0.0272162 0.678666 -0.0550254 -0.902869 -0.0736527 -0.419969 
0.0880133 0.786706 0.0683182 0.607191 0.00390275 -0.73386 -0.027268 0.678742 -0.0552013 -0.902857 -0.0737632 -0.419954 
0.0878831 0.786634 0.0681222 0.607325 0.00380924 -0.73386 -0.0272758 0.678742 -0.0552384 -0.902728 -0.073873 -0.420206 
0.0879494 0.786669 0.0681628 0.607265 0.00379979 -0.733796 -0.0273 0.67881 -0.0549541 -0.902747 -0.0737178 -0.42023 
0.0887179 0.786626 0.0687728 0.60714 0.00392884 -0.733817 -0.0273136 0.678787 -0.0551143 -0.902618 -0.0738522 -0.420463 
0.0887179 0.786626 0.0687728 0.60714 0.00391073 -0.733824 -0.027264 0.678781 -0.0551143 -0.902618 -0.0738522 -0.420463 
0.0895763 0.78649 0.0692677 0.607134 0.00393945 -0.733825 -0.0272649 0.678779 -0.0551174 -0.902552 -0.0738421 -0.420607 
0.0893993 0.786539 0.0690477 0.607122 0.00399759 -0.733826 -0.0273003 0.678777 -0.0548763 -0.902687 -0.0736735 -0.420377 
0.0891131 0.786616 0.0688665 0.607084 0.0040483 -0.733869 -0.0272722 0.678732 -0.0548325 -0.902726 -0.0737606 -0.420283 
0.088693 0.786705 0.0685485 0.607066 0.00410077 -0.733869 -0.027279 0.678731 -0.0550015 -0.902623 -0.0738062 -0.420476 
0.0873854 0.78687 0.0675145 0.607158 0.00407341 -0.733844 -0.0273005 0.678757 -0.0548654 -0.902623 -0.073759 -0.4205 
0.0867493 0.786911 0.0669572 0.607257 0.00402437 -0.733839 -0.0272811 0.678763 -0.0550165 -0.90257 -0.0738134 -0.420586 
0.0887773 0.786744 0.0685846 0.606999 0.00406545 -0.733859 -0.0273074 0.678741 -0.0550165 -0.90257 -0.0738134 -0.420586 
0.0874702 0.786844 0.0675097 0.60718 0.00411673 -0.733898 -0.0272909 0.678699 -0.0551802 -0.902646 -0.0737063 -0.420421 
0.0885579 0.786774 0.0683315 0.607022 0.00411143 -0.733888 -0.0273469 0.678707 -0.0551903 -0.902712 -0.0738021 -0.42026 
0.0879983 0.786745 0.0678986 0.607189 0.00411143 -0.733888 -0.0273469 0.678707 -0.0551701 -0.902797 -0.0738344 -0.420074 
0.0884087 0.786728 0.0683535 0.6071 0.00405787 -0.733821 -0.0273289 0.678781 -0.0551497 -0.902865 -0.0736329 -0.419965 
0.0884254 0.786752 0.0683634 0.607066 0.00402475 -0.733811 -0.0273286 0.678792 -0.0551307 -0.902836 -0.0734029 -0.420072 
0.088404 0.786778 0.0682444 0.607049 0.00414184 -0.733807 -0.0274165 0.678792 -0.0551834 -0.902809 -0.0735379 -0.420098 
0.0885623 0.78682 0.0683031 0.606965 0.00414184 -0.733807 -0.0274165 0.678792 -0.0551249 -0.902781 -0.0736859 -0.420141 
0.0884363 0.786885 0.0682828 0.606901 0.00405254 -0.733799 -0.0273281 0.678805 -0.0550567 -0.902787 -0.0736495 -0.420144 
0.0885706 0.786957 0.068402 0.606775 0.00416398 -0.733856 -0.0273592 0.678741 -0.0550194 -0.902691 -0.0736196 -0.420359 
0.0886339 0.786895 0.0684309 0.606842 0.00417613 -0.733876 -0.027423 0.678717 -0.0548603 -0.902794 -0.0737323 -0.420139 
0.0885595 0.786737 0.0685537 0.607045 0.00421042 -0.733965 -0.0273504 0.678624 -0.0548603 -0.902794 -0.0737323 -0.420139 
0.0886333 0.786711 0.0686666 0.607055 0.00423854 -0.733942 -0.0273523 0.678648 -0.0550627 -0.90262 -0.0735498 -0.420517 
0.0884881 0.786671 0.0685784 0.607137 0.00439647 -0.734058 -0.0274491 0.678518 -0.0549363 -0.902764 -0.0735362 -0.420228 
0.0885139 0.78678 0.0685173 0.607 0.00440634 -0.733995 -0.0275061 0.678583 -0.0549787 -0.902793 -0.0734586 -0.420173 
0.0886298 0.786841 0.0685847 0.606896 0.00441568 -0.733965 -0.0274737 0.678617 -0.0550215 -0.902819 -0.0735789 -0.420091 
0.0887209 0.78676 0.0686115 0.606984 0.00443463 -0.733982 -0.0275811 0.678594 -0.0549708 -0.902904 -0.0734015 -0.419946 
0.0888198 0.786505 0.0688374 0.607274 0.00444409 -0.733998 -0.027592 0.678577 -0.0550569 -0.902934 -0.0735287 -0.419848 
0.0890518 0.786482 0.0689815 0.607255 0.00447564 -0.733958 -0.0276244 0.678618 -0.055123 -0.902917 -0.0737051 -0.419845 
0.0891716 0.786501 0.0690896 0.607199 0.00447411 -0.733873 -0.0276367 0.67871 -0.0550822 -0.902836 -0.073434 -0.420072 
0.0892955 0.786519 0.0690926 0.607158 0.00447411 -0.733873 -0.0276367 0.67871 -0.0550761 -0.902832 -0.0735725 -0.420057 
0.0893638 0.786499 0.0690693 0.607176 0.0044262 -0.733895 -0.0276434 0.678686 -0.0550761 -0.902832 -0.0735725 -0.420057 
0.089362 0.786392 0.0691404 0.607307 0.0044097 -0.733879 -0.0276524 0.678702 -0.0549677 -0.902901 -0.0735957 -0.419919 
0.0893754 0.78636 0.0691568 0.607344 0.00442285 -0.733849 -0.0276928 0.678734 -0.0551979 -0.902928 -0.0735313 -0.419841 
0.0895791 0.786319 0.0693441 0.607346 0.00438842 -0.733765 -0.0277061 0.678824 -0.0549541 -0.902909 -0.0736043 -0.419903 
0.0895036 0.786233 0.0693229 0.607472 0.0043462 -0.733727 -0.027641 0.678868 -0.0549491 -0.903011 -0.0735166 -0.419699 
0.0896921 0.786217 0.0694236 0.607453 0.0043462 -0.733727 -0.027641 0.678868 -0.0551458 -0.902978 -0.0736997 -0.419712 
0.0894861 0.786174 0.0692006 0.607565 0.00438164 -0.733766 -0.0276411 0.678825 -0.0550357 -0.902861 -0.0734899 -0.420015 
0.0894861 0.786174 0.0692006 0.607565 0.00435645 -0.733738 -0.0275759 0.678859 -0.0548346 -0.903001 -0.0733201 -0.41977 
0.0894328 0.78602 0.0690583 0.607787 0.00431129 -0.733705 -0.0275953 0.678894 -0.0548955 -0.902906 -0.0735126 -0.419933 
0.0892751 0.786012 0.0689562 0.607832 0.00437596 -0.733682 -0.0277098 0.678914 -0.0549148 -0.90302 -0.0737151 -0.419649 
0.0894287 0.785936 0.0691433 0.607887 0.00442355 -0.7337 -0.0276967 0.678894 -0.0550041 -0.903002 -0.0736856 -0.419682 
0.0892106 0.785886 0.0691384 0.607984 0.00439798 -0.733647 -0.0277354 0.67895 -0.0550083 -0.903001 -0.0735918 -0.4197 
0.089083 0.785897 0.0691995 0.607981 0.00441942 -0.733674 -0.0276726 0.678924 -0.0549722 -0.902858 -0.0736733 -0.419997 
0.0888702 0.785843 0.0689659 0.608109 0.00444217 -0.733716 -0.0276835 0.678877 -0.0549806 -0.902884 -0.0737241 -0.419931 
0.0888827 0.785949 0.0689484 0.607972 0.00442669 -0.733798 -0.0276273 0.678792 -0.0551544 -0.902864 -0.0736883 -0.419957 
0.0890332 0.785875 0.0690294 0.608037 0.00443814 -0.733707 -0.0276694 0.678887 -0.0550119 -0.902887 -0.0735103 -0.419958 
0.088976 0.785879 0.0690405 0.608038 0.00444008 -0.733736 -0.0276599 0.678857 -0.0550484 -0.902805 -0.0734473 -0.420141 
0.0889222 0.785975 0.0691158 0.607914 0.00446662 -0.733666 -0.0277077 0.678931 -0.0549572 -0.902925 -0.0734354 -0.419896 
0.0889617 0.785925 0.0691576 0.607968 0.00446355 -0.733695 -0.0277369 0.678898 -0.0548827 -0.903014 -0.0734568 -0.419712 
